desired_path = [0.3, 0, 0, 0.612372
0.4, 0, 0, 0.659545
0.5, 0, 0, 0.703562
0.6, 0, 0, 0.744983
0.7, 0, 0, 0.784219
0.8, 0, 0, 0.821584
0.9, 0, 0, 0.857321
1, 0, 0, 0.891628
1.1, 0, 0, 0.924662
1.2, 0, 0, 0.956556
1.3, 0, 0, 0.987421
1.4, 0, 0, 1.01735
1.5, 0, 0, 1.04642
1.6, 0, 0, 1.04642
1.7, 0, 0, 1.01735
1.8, 0, 0, 0.987421
1.9, 0, 0, 0.956556
2, 0, 0, 0.924662
2.1, 0, 0, 0.891628
2.2, 0, 0, 0.857321
2.3, 0, 0, 0.821584
2.4, 0, 0, 0.784219
2.5, 0, 0, 0.744983
2.6, 0, 0, 0.703562
2.7, 0, 0, 0.659545
2.8, 0, -7.10543e-16, 0.612372
2.89989, -0.0039978, -0.08, 0.612372
2.99915, -0.0159658, -0.16, 0.612372
3.09713, -0.0358275, -0.24, 0.612372
3.19321, -0.0634557, -0.32, 0.612372
3.28677, -0.0986737, -0.4, 0.612372
3.37722, -0.141256, -0.48, 0.612372
3.46398, -0.190931, -0.56, 0.612372
3.54649, -0.24738, -0.64, 0.612372
3.62423, -0.310243, -0.72, 0.612372
3.6967, -0.379117, -0.8, 0.612372
3.76342, -0.453561, -0.88, 0.612372
3.82399, -0.5331, -0.96, 0.612372
3.87801, -0.617225, -1.04, 0.612372
3.92513, -0.705397, -1.12, 0.612372
3.96505, -0.797053, -1.2, 0.612372
3.99752, -0.891606, -1.28, 0.612372
4.02233, -0.988452, -1.36, 0.612372
4.03932, -1.08697, -1.44, 0.612372
4.04839, -1.18653, -1.52, 0.612372
4.04947, -1.2865, -1.6, 0.612372
4.04255, -1.38623, -1.68, 0.612372
4.02769, -1.4851, -1.76, 0.612372
4.00498, -1.58245, -1.84, 0.612372
3.97456, -1.67769, -1.92, 0.612372
3.93662, -1.77018, -2, 0.612372
3.89142, -1.85935, -2.08, 0.612372
3.83923, -1.94462, -2.16, 0.612372
3.78039, -2.02545, -2.24, 0.612372
3.71529, -2.10132, -2.32, 0.612372
3.64433, -2.17174, -2.4, 0.612372
3.56797, -2.23627, -2.48, 0.612372
3.48669, -2.29449, -2.56, 0.612372
3.40103, -2.34602, -2.64, 0.612372
3.31152, -2.39055, -2.72, 0.612372
3.21874, -2.42778, -2.8, 0.612372
3.12327, -2.45747, -2.88, 0.612372
3.02575, -2.47945, -2.96, 0.612372
2.92677, -2.49355, -3.04, 0.612372
2.82699, -2.49971, -3.12, 0.612372
2.72699, -2.5, -3.14159, 0.647152
2.62699, -2.5, -3.14159, 0.691958
2.52699, -2.5, -3.14159, 0.734034
2.42699, -2.5, -3.14159, 0.773825
2.32699, -2.5, -3.14159, 0.811668
2.22699, -2.5, -3.14159, 0.847824
2.12699, -2.5, -3.14159, 0.8825
2.02699, -2.5, -3.14159, 0.915863
1.92699, -2.5, -3.14159, 0.948054
1.82699, -2.5, -3.14159, 0.979186
1.72699, -2.5, -3.14159, 1.00936
1.62699, -2.5, -3.14159, 1.03866
1.52699, -2.5, -3.14159, 1.05413
1.42699, -2.5, -3.14159, 1.02528
1.32699, -2.5, -3.14159, 0.995587
1.22699, -2.5, -3.14159, 0.964984
1.12699, -2.5, -3.14159, 0.933378
1.02699, -2.5, -3.14159, 0.900663
0.926991, -2.5, -3.14159, 0.866715
0.826991, -2.5, -3.14159, 0.831381
0.726991, -2.5, -3.14159, 0.794477
0.626991, -2.5, -3.14159, 0.755774
0.526991, -2.5, -3.14159, 0.714979
0.426991, -2.5, -3.14159, 0.67171
0.326991, -2.5, -3.14159, 0.625455
0.227032, -2.49787, 3.08319, 0.612372
0.127542, -2.48805, 3.00319, 0.612372
0.0291558, -2.4703, 2.92319, 0.612372
-0.0674981, -2.44476, 2.84319, 0.612372
-0.161802, -2.41157, 2.76319, 0.612372
-0.253151, -2.37095, 2.68319, 0.612372
-0.340962, -2.32316, 2.60319, 0.612372
-0.424673, -2.2685, 2.52319, 0.612372
-0.503749, -2.20733, 2.44319, 0.612372
-0.577683, -2.14004, 2.36319, 0.612372
-0.646003, -2.06705, 2.28319, 0.612372
-0.708272, -1.98884, 2.20319, 0.612372
-0.764092, -1.9059, 2.12319, 0.612372
-0.813105, -1.81877, 2.04319, 0.612372
-0.854998, -1.728, 1.96319, 0.612372
-0.889503, -1.63417, 1.88319, 0.612372
-0.916399, -1.53788, 1.80318, 0.612372
-0.935514, -1.43975, 1.72318, 0.612372
-0.946726, -1.34041, 1.64319, 0.612372
-0.949964, -1.24049, 1.56319, 0.612372
-0.945206, -1.14063, 1.48319, 0.612372
-0.932483, -1.04147, 1.40319, 0.612372
-0.911876, -0.943639, 1.32319, 0.612372
-0.883517, -0.847772, 1.24318, 0.612372
-0.847588, -0.754478, 1.16319, 0.612372
-0.804318, -0.664354, 1.08319, 0.612372
-0.753984, -0.577975, 1.00319, 0.612372
-0.696909, -0.495896, 0.923185, 0.612372
-0.633456, -0.41864, 0.843185, 0.612372
-0.564033, -0.346702, 0.763185, 0.612372
-0.489083, -0.280542, 0.683185, 0.612372
-0.409086, -0.220584, 0.603185, 0.612372
-0.324552, -0.16721, 0.523185, 0.612372
-0.236023, -0.120762, 0.443185, 0.612372
-0.144066, -0.0815374, 0.363185, 0.612372
-0.049269, -0.049787, 0.283185, 0.612372
0.0477626, -0.0257139, 0.203185, 0.612372
0.146408, -0.00947213, 0.123185, 0.612372
0.246035, -0.00116539, 0.0431852, 0.612372
];